Tiempo transcurrido de la ejecucion del programa: 0 millisegundos
Function : suma Thread ID: 140068289849088
	Suma de matrices
Function : resta Thread ID: 140068211652352
	Resta de matrices
Function : multiplicacion Thread ID: 140068203259648
	Multiplicación de matrices
Function : transpuesta Thread ID: 140068194866944
	Transpuesta de la matriz 1
Function : inversa Thread ID: 140068186474240
	Inversa de la matriz 1
Function : lectura Thread ID: 140068178081536
	Impresión de resultados: 
Suma:
2	2	3	3	4	5	6	7	8	8
4	2	3	4	5	6	7	8	2	4
6	2	1	2	3	4	5	7	4	2
4	4	5	6	7	3	4	2	3	4
6	6	5	4	4	4	2	2	3	34
6	6	7	8	9	4	2	3	4	2
4	1	3	4	2	4	6	7	8	4
6	3	2	3	4	5	6	7	8	4
3	3	2	3	3	3	3	3	3	3
0	0	0	0	0	0	0	0	0	0

Resta:
0	-2	-3	-3	-4	-5	-6	-7	-8	-8
-2	-2	-3	-4	-5	-6	-7	-8	-2	-4
-4	-2	-1	-2	-3	-4	-5	-7	-4	-2
-2	-4	-5	-6	-7	-3	-4	-2	-3	-4
-4	-6	-5	-4	-4	-4	-2	-2	-3	-34
-4	-6	-7	-8	-9	-4	-2	-3	-4	-2
-2	-1	-3	-4	-2	-4	-6	-7	-8	-4
-4	-3	-2	-3	-4	-5	-6	-7	-8	-4
-1	-3	-2	-3	-3	-3	-3	-3	-3	-3
0	0	0	0	0	0	0	0	0	0

Multiplicación:
1	2	3	3	4	5	6	7	8	8
1	2	3	3	4	5	6	7	8	8
1	2	3	3	4	5	6	7	8	8
1	2	3	3	4	5	6	7	8	8
1	2	3	3	4	5	6	7	8	8
1	2	3	3	4	5	6	7	8	8
1	2	3	3	4	5	6	7	8	8
1	2	3	3	4	5	6	7	8	8
1	2	3	3	4	5	6	7	8	8
0	0	0	0	0	0	0	0	0	0

Transpuesta:
1	1	1	1	1	1	1	1	1	0
0	0	0	0	0	0	0	0	0	0
0	0	0	0	0	0	0	0	0	0
0	0	0	0	0	0	0	0	0	0
0	0	0	0	0	0	0	0	0	0
0	0	0	0	0	0	0	0	0	0
0	0	0	0	0	0	0	0	0	0
0	0	0	0	0	0	0	0	0	0
0	0	0	0	0	0	0	0	0	0
0	0	0	0	0	0	0	0	0	0

Inversa:
-2147483648	-2147483648	-2147483648	-2147483648	-2147483648	-2147483648	-2147483648	-2147483648	-2147483648	-2147483648
-2147483648	-2147483648	-2147483648	-2147483648	-2147483648	-2147483648	-2147483648	-2147483648	-2147483648	-2147483648
-2147483648	-2147483648	-2147483648	-2147483648	-2147483648	-2147483648	-2147483648	-2147483648	-2147483648	-2147483648
-2147483648	-2147483648	-2147483648	-2147483648	-2147483648	-2147483648	-2147483648	-2147483648	-2147483648	-2147483648
-2147483648	-2147483648	-2147483648	-2147483648	-2147483648	-2147483648	-2147483648	-2147483648	-2147483648	-2147483648
-2147483648	-2147483648	-2147483648	-2147483648	-2147483648	-2147483648	-2147483648	-2147483648	-2147483648	-2147483648
-2147483648	-2147483648	-2147483648	-2147483648	-2147483648	-2147483648	-2147483648	-2147483648	-2147483648	-2147483648
-2147483648	-2147483648	-2147483648	-2147483648	-2147483648	-2147483648	-2147483648	-2147483648	-2147483648	-2147483648
-2147483648	-2147483648	-2147483648	-2147483648	-2147483648	-2147483648	-2147483648	-2147483648	-2147483648	-2147483648
-2147483648	-2147483648	-2147483648	-2147483648	-2147483648	-2147483648	-2147483648	-2147483648	-2147483648	-2147483648

Tiempo transcurrido de la ejecucion del programa: 71 millisegundos
(null) Thread ID: 140068169688832
	